2222222222200000000000000000000000000000000000000000000000000000000000000000
2111111111222222220000000000000000000000000000000000000000000000000000000000
2111111111311111120000000000000000000000000000000000000000000000000000000000
2111111111222222120000000000000000000000000000000000000000000000000000000000
2222222222200002120000000000000000000000000000000000000000000000000000000000
0000000000000002120000000000000000000000000000000000000000000000000000000000
0000022222222222322222222200000000000000000000000000000000000000000000000000
0000021111111111111111111200000000000000000000000000000000000000000000000000
0000021111111111111111111200000000000000000000000000000000000000000000000000
0000021111111111111111111200000000000000000000000000000000000000000000000000
0000021111111111111111111200000000000000000000000000000000000000000000000000
0000022222222222122222222200000000000000000000000000000000000000000000000000
000000000000002232222222200000000000000000000000000000000000000000000000000
0000000000000021111111111200000000000000000000000000000000000000000000000000
0000000000000021111111111200000000000000000000000000000000000000000000000000
0000000000000021111111111200000000000000000000000000000000000000000000000000
0000000000000021111111111200000000000000000000000000000000000000000000000000
0000000000000021111111111200000000000000000000000000000000000000000000000000
0000000000000021111111111200000000000000000000000000000000000000000000000000
0000000000000022222222322200000000000000000000000000000000000000000000000000
0000000000000000000021112000000000000000000000000000000000000000000000000000
0000000000000000000021112000000000000000000000000000000000000000000000000000
0000000000000000000021112000000000000000000000000000000000000000000000000000
0000000000000000000021112000000000000000000000000000000000000000000000000000
0000000000000000000021112000000000000000000000000000000000000000000000000000
0000000000000000000021112000000000000000000000000000000000000000000000000000
0000000000000000000021112000000000000000000000000000000000000000000000000000
0000000000000000000021112000000000000000000000000000000000000000000000000000
0000000222222222222222322222222222222222222222222222000000000000000000000000
0000000211221111111111111111111111221111211111111112000000000000000000000000
0000000211221112111111111111112111221111211111112112000000000000000000000000
0000000211221111111122111111111111221111311121111112000000000000000000000000
0000000211111121111122211111121111221111211121111212000000000000000000000000
0000000211111111111111111111111111111111211111111122000000000000000000000000
0000000211111111111111111111111111111111211111111120000000000000000000000000
0000000211111111111111111111111111111111211121111220000000000000000000000000
0000000211111111111111111111111111111111311121121120000000000000000000000000
0000000211111111111111111111111111111111211111121120000000000000000000000000
0000000211111111111111111111111111111111211121111120000000000000000000000000
0000000222222222222222222222222222222222211111111120000000000000000000000000
0000000000000000000000000000000000000000222222222220000000000000000000000000